#All 'Primitive Sequences' of +ve integers with minimum possible sum over all primitive sequences of the same length <= 60
#Compiled using c program written by Simon Goater March 2025.
#Inspired by https://math.stackexchange.com/questions/5047839/finding-a-sequence-of-n-numbers-such-that-the-sum-of-the-values-is-minimized-and#comment10846661_5047839
1 [1] - 1
2 [2, 3] - 5
3 [2, 3, 5] - 10
4 [2, 3, 5, 7] - 17
5 [2, 3, 5, 7, 11] - 28
6 [2, 3, 5, 7, 11, 13] - 41
7 [4, 5, 6, 7, 9, 11, 13] - 55
8 [4, 5, 6, 7, 9, 11, 13, 17] - 72
9 [4, 5, 6, 7, 9, 11, 13, 17, 19] - 91
10 [4, 6, 7, 9, 10, 11, 13, 15, 17, 19] - 111
11 [4, 6, 7, 9, 10, 11, 13, 15, 17, 19, 23] - 134
12 [4, 6, 7, 9, 10, 11, 13, 15, 17, 19, 23, 25] - 159
13 [4, 6, 9, 10, 11, 13, 14, 15, 17, 19, 21, 23, 25] - 187
14 [4, 6, 9, 10, 11, 13, 14, 15, 17, 19, 21, 23, 25, 29] - 216
15 [4, 6, 9, 10, 11, 13, 14, 15, 17, 19, 21, 23, 25, 29, 31] - 247
16 [4, 6, 9, 10, 11, 13, 14, 15, 17, 19, 21, 23, 25, 29, 31, 35] - 282
17 [4, 6, 9, 10, 11, 13, 14, 15, 17, 19, 21, 23, 25, 29, 31, 35, 37] - 319
18 [4, 6, 9, 10, 11, 13, 14, 15, 17, 19, 21, 23, 25, 29, 31, 35, 37, 41] - 360
19 [4, 6, 9, 10, 11, 13, 14, 15, 17, 19, 21, 23, 25, 29, 31, 35, 37, 41, 43] - 403
20 [4, 6, 9, 10, 13, 14, 15, 17, 19, 21, 22, 23, 25, 29, 31, 33, 35, 37, 41, 43] - 447
21 [8, 10, 12, 13, 14, 15, 17, 18, 19, 21, 22, 23, 25, 27, 29, 31, 33, 35, 37, 41, 43] - 493
22 [8, 10, 12, 13, 14, 15, 17, 18, 19, 21, 22, 23, 25, 27, 29, 31, 33, 35, 37, 41, 43, 47] - 540
23 [8, 10, 12, 13, 14, 15, 17, 18, 19, 21, 22, 23, 25, 27, 29, 31, 33, 35, 37, 41, 43, 47, 49] - 589
24 [8, 10, 12, 14, 15, 17, 18, 19, 21, 22, 23, 25, 26, 27, 29, 31, 33, 35, 37, 39, 41, 43, 47, 49] - 641
25 [8, 10, 12, 14, 15, 17, 18, 19, 21, 22, 23, 25, 26, 27, 29, 31, 33, 35, 37, 39, 41, 43, 47, 49, 53] - 694
26 [8, 10, 12, 14, 15, 17, 18, 19, 21, 22, 23, 25, 26, 27, 29, 31, 33, 35, 37, 39, 41, 43, 47, 49, 53, 55] - 749
27 [8, 10, 12, 14, 15, 17, 18, 19, 21, 22, 23, 25, 26, 27, 29, 31, 33, 35, 37, 39, 41, 43, 47, 49, 53, 55, 59] - 808
28 [8, 10, 12, 14, 15, 17, 18, 19, 21, 22, 23, 25, 26, 27, 29, 31, 33, 35, 37, 39, 41, 43, 47, 49, 53, 55, 59, 61] - 869
29 [8, 10, 12, 14, 15, 17, 18, 19, 21, 22, 23, 25, 26, 27, 29, 31, 33, 35, 37, 39, 41, 43, 47, 49, 53, 55, 59, 61, 65] - 934
30 [8, 10, 12, 14, 15, 17, 18, 19, 21, 22, 23, 25, 26, 27, 29, 31, 33, 35, 37, 39, 41, 43, 47, 49, 53, 55, 59, 61, 65, 67] - 1001
31 [8, 10, 12, 14, 15, 18, 19, 21, 22, 23, 25, 26, 27, 29, 31, 33, 34, 35, 37, 39, 41, 43, 47, 49, 51, 53, 55, 59, 61, 65, 67] - 1069
32 [8, 12, 14, 18, 19, 20, 21, 22, 23, 25, 26, 27, 29, 30, 31, 33, 34, 35, 37, 39, 41, 43, 45, 47, 49, 51, 53, 55, 59, 61, 65, 67] - 1139
33 [8, 12, 14, 18, 19, 20, 21, 22, 23, 25, 26, 27, 29, 30, 31, 33, 34, 35, 37, 39, 41, 43, 45, 47, 49, 51, 53, 55, 59, 61, 65, 67, 71] - 1210
34 [8, 12, 14, 18, 19, 20, 21, 22, 23, 25, 26, 27, 29, 30, 31, 33, 34, 35, 37, 39, 41, 43, 45, 47, 49, 51, 53, 55, 59, 61, 65, 67, 71, 73] - 1283
35 [8, 12, 14, 18, 20, 21, 22, 23, 25, 26, 27, 29, 30, 31, 33, 34, 35, 37, 38, 39, 41, 43, 45, 47, 49, 51, 53, 55, 57, 59, 61, 65, 67, 71, 73] - 1359
36 [8, 12, 14, 18, 20, 21, 22, 23, 25, 26, 27, 29, 30, 31, 33, 34, 35, 37, 38, 39, 41, 43, 45, 47, 49, 51, 53, 55, 57, 59, 61, 65, 67, 71, 73, 77] - 1436
37 [8, 12, 14, 18, 20, 21, 22, 23, 25, 26, 27, 29, 30, 31, 33, 34, 35, 37, 38, 39, 41, 43, 45, 47, 49, 51, 53, 55, 57, 59, 61, 65, 67, 71, 73, 77, 79] - 1515
38 [8, 12, 14, 18, 20, 21, 22, 23, 25, 26, 27, 29, 30, 31, 33, 34, 35, 37, 38, 39, 41, 43, 45, 47, 49, 51, 53, 55, 57, 59, 61, 65, 67, 71, 73, 77, 79, 83] - 1598
39 [8, 12, 14, 18, 20, 21, 22, 23, 25, 26, 27, 29, 30, 31, 33, 34, 35, 37, 38, 39, 41, 43, 45, 47, 49, 51, 53, 55, 57, 59, 61, 65, 67, 71, 73, 77, 79, 83, 85] - 1683
40 [8, 12, 14, 18, 20, 21, 22, 23, 25, 26, 27, 29, 30, 31, 33, 34, 35, 37, 38, 39, 41, 43, 45, 47, 49, 51, 53, 55, 57, 59, 61, 65, 67, 71, 73, 77, 79, 83, 85, 89] - 1772
41 [8, 12, 14, 18, 20, 21, 22, 23, 25, 26, 27, 29, 30, 31, 33, 34, 35, 37, 38, 39, 41, 43, 45, 47, 49, 51, 53, 55, 57, 59, 61, 65, 67, 71, 73, 77, 79, 83, 85, 89, 91] - 1863
42 [8, 12, 14, 18, 20, 21, 22, 25, 26, 27, 29, 30, 31, 33, 34, 35, 37, 38, 39, 41, 43, 45, 46, 47, 49, 51, 53, 55, 57, 59, 61, 65, 67, 69, 71, 73, 77, 79, 83, 85, 89, 91] - 1955
43 [8, 12, 14, 18, 20, 21, 22, 25, 26, 27, 29, 30, 31, 33, 34, 35, 37, 38, 39, 41, 43, 45, 46, 47, 49, 51, 53, 55, 57, 59, 61, 65, 67, 69, 71, 73, 77, 79, 83, 85, 89, 91, 95] - 2050
44 [8, 12, 14, 18, 20, 21, 22, 25, 26, 27, 29, 30, 31, 33, 34, 35, 37, 38, 39, 41, 43, 45, 46, 47, 49, 51, 53, 55, 57, 59, 61, 65, 67, 69, 71, 73, 77, 79, 83, 85, 89, 91, 95, 97] - 2147
45 [8, 12, 18, 20, 22, 25, 26, 27, 28, 29, 30, 31, 33, 34, 35, 37, 38, 39, 41, 42, 43, 45, 46, 47, 49, 51, 53, 55, 57, 59, 61, 63, 65, 67, 69, 71, 73, 77, 79, 83, 85, 89, 91, 95, 97] - 2245
46 [8, 12, 18, 20, 22, 26, 27, 28, 29, 30, 31, 33, 34, 35, 37, 38, 39, 41, 42, 43, 45, 46, 47, 49, 50, 51, 53, 55, 57, 59, 61, 63, 65, 67, 69, 71, 73, 75, 77, 79, 83, 85, 89, 91, 95, 97] - 2345
47 [8, 12, 18, 20, 22, 26, 27, 28, 29, 30, 31, 33, 34, 35, 37, 38, 39, 41, 42, 43, 45, 46, 47, 49, 50, 51, 53, 55, 57, 59, 61, 63, 65, 67, 69, 71, 73, 75, 77, 79, 83, 85, 89, 91, 95, 97, 101] - 2446
48 [8, 12, 18, 20, 22, 26, 27, 28, 29, 30, 31, 33, 34, 35, 37, 38, 39, 41, 42, 43, 45, 46, 47, 49, 50, 51, 53, 55, 57, 59, 61, 63, 65, 67, 69, 71, 73, 75, 77, 79, 83, 85, 89, 91, 95, 97, 101, 103] - 2549
49 [8, 12, 18, 20, 22, 26, 27, 28, 29, 30, 31, 33, 34, 35, 37, 38, 39, 41, 42, 43, 45, 46, 47, 49, 50, 51, 53, 55, 57, 59, 61, 63, 65, 67, 69, 71, 73, 75, 77, 79, 83, 85, 89, 91, 95, 97, 101, 103, 107] - 2656
50 [8, 12, 18, 20, 22, 26, 27, 28, 29, 30, 31, 33, 34, 35, 37, 38, 39, 41, 42, 43, 45, 46, 47, 49, 50, 51, 53, 55, 57, 59, 61, 63, 65, 67, 69, 71, 73, 75, 77, 79, 83, 85, 89, 91, 95, 97, 101, 103, 107, 109] - 2765
51 [8, 12, 18, 20, 22, 26, 27, 28, 29, 30, 31, 33, 34, 35, 37, 38, 39, 41, 42, 43, 45, 46, 47, 49, 50, 51, 53, 55, 57, 59, 61, 63, 65, 67, 69, 71, 73, 75, 77, 79, 83, 85, 89, 91, 95, 97, 101, 103, 107, 109, 113] - 2878
52 [8, 12, 18, 20, 22, 26, 27, 28, 29, 30, 31, 33, 34, 35, 37, 38, 39, 41, 42, 43, 45, 46, 47, 49, 50, 51, 53, 55, 57, 59, 61, 63, 65, 67, 69, 71, 73, 75, 77, 79, 83, 85, 89, 91, 95, 97, 101, 103, 107, 109, 113, 115] - 2993
53 [8, 12, 18, 20, 22, 26, 27, 28, 30, 31, 33, 34, 35, 37, 38, 39, 41, 42, 43, 45, 46, 47, 49, 50, 51, 53, 55, 57, 58, 59, 61, 63, 65, 67, 69, 71, 73, 75, 77, 79, 83, 85, 87, 89, 91, 95, 97, 101, 103, 107, 109, 113, 115] - 3109
54 [8, 12, 18, 20, 22, 26, 27, 28, 30, 31, 33, 34, 35, 37, 38, 39, 41, 42, 43, 45, 46, 47, 49, 50, 51, 53, 55, 57, 58, 59, 61, 63, 65, 67, 69, 71, 73, 75, 77, 79, 83, 85, 87, 89, 91, 95, 97, 101, 103, 107, 109, 113, 115, 119] - 3228
55 [8, 12, 18, 20, 22, 26, 27, 28, 30, 31, 33, 34, 35, 37, 38, 39, 41, 42, 43, 45, 46, 47, 49, 50, 51, 53, 55, 57, 58, 59, 61, 63, 65, 67, 69, 71, 73, 75, 77, 79, 83, 85, 87, 89, 91, 95, 97, 101, 103, 107, 109, 113, 115, 119, 121] - 3349
56 [8, 12, 18, 20, 22, 26, 27, 28, 30, 33, 34, 35, 37, 38, 39, 41, 42, 43, 45, 46, 47, 49, 50, 51, 53, 55, 57, 58, 59, 61, 62, 63, 65, 67, 69, 71, 73, 75, 77, 79, 83, 85, 87, 89, 91, 93, 95, 97, 101, 103, 107, 109, 113, 115, 119, 121] - 3473
57 [8, 12, 18, 20, 22, 26, 27, 28, 30, 33, 34, 35, 37, 38, 39, 41, 42, 43, 45, 46, 47, 49, 50, 51, 53, 55, 57, 58, 59, 61, 62, 63, 65, 67, 69, 71, 73, 75, 77, 79, 83, 85, 87, 89, 91, 93, 95, 97, 101, 103, 107, 109, 113, 115, 119, 121, 125] - 3598
58 [8, 12, 18, 20, 22, 26, 27, 28, 30, 33, 34, 35, 37, 38, 39, 41, 42, 43, 45, 46, 47, 49, 50, 51, 53, 55, 57, 58, 59, 61, 62, 63, 65, 67, 69, 71, 73, 75, 77, 79, 83, 85, 87, 89, 91, 93, 95, 97, 101, 103, 107, 109, 113, 115, 119, 121, 125, 127] - 3725
59 [8, 12, 18, 20, 22, 26, 27, 28, 30, 33, 34, 35, 37, 38, 39, 41, 42, 43, 45, 46, 47, 49, 50, 51, 53, 55, 57, 58, 59, 61, 62, 63, 65, 67, 69, 71, 73, 75, 77, 79, 83, 85, 87, 89, 91, 93, 95, 97, 101, 103, 107, 109, 113, 115, 119, 121, 125, 127, 131] - 3856
60 [8, 12, 18, 20, 22, 26, 27, 28, 30, 33, 34, 35, 37, 38, 39, 41, 42, 43, 45, 46, 47, 49, 50, 51, 53, 55, 57, 58, 59, 61, 62, 63, 65, 67, 69, 71, 73, 75, 77, 79, 83, 85, 87, 89, 91, 93, 95, 97, 101, 103, 107, 109, 113, 115, 119, 121, 125, 127, 131, 133] - 3989
